image: map_1.pgm
resolution: 0.100000
origin: [-7.692758, -5.174896, 0.000000]
negate: 0
occupied_thresh: 0.65
free_thresh: 0.196

